#This txt sheet contains the sum of the FC values for every run that is present in the PIDclary folder
#The files in the PIDclary folder are the output of the PID analysis which checked to see if there was 
#a corresponding fcrationom file to the root22 file. 
#Brandon Clary
#Output of FCAdd.py
#5-24-2017
58700 37902392 37820614
58701 15742626 15699379
58702 0 0
58703 3379438 3368089
58704 5824053 5810892
58705 10096149 10070176
58706 10551354 10528706
58707 109825848 109650306
58709 59980491 59903743
58713 47343056 47225380
58714 73514975 73483305
58715 66674266 66548852
58716 47479888 47482965
58717 47776414 47829477
58724 2053035 2049220
58725 25338679 25268982
58728 2810913 2805567
58729 1719618 1715672
58730 1024449 1018678
58731 1956340 1954934
58732 5109943 5096274
58740 19159120 19141063
58741 35016611 35025388
58742 44393627 44442084
58743 39448867 39497912
58744 1693122 1692180
58745 5081254 5076786
58746 4704516 4707126
58747 13116569 13137758
58748 6846280 6856086
58749 5241479 5255185
58787 16689319 16602205
58788 4624956 4601756
58789 6981039 6946132
58794 27944989 27862036
58795 24302060 24221917
58796 1415499 1410726
58799 71996411 71811590
58800 43159946 43081256
58801 46312632 46264250
58802 63509576 63421169
58803 57099376 57182015
58805 33793229 33795297
58806 22386783 22355924
58807 122884317 122801773
58808 179413558 179327088
58809 194090912 193889626
58810 101268602 101147729
58813 32213437 32176422
58814 105035736 105025550
58815 17690002 17685433
58816 6527843 6543587
58832 69900386 69751841
58833 64881966 64798999
58834 25487092 25463996
58835 79049243 78999877
58836 77183594 77126612
58837 80441624 80319700
58838 80072517 80106675
58839 58880180 58946576
58840 77258449 77222774
58841 1462524 1469599
58904 207807190 207612418
58905 200561171 200440804
58906 134234548 134051339
58916 43128465 43035359
58917 171980285 171797846
58918 175498285 175389673
58919 179572840 179480954
58920 192452563 192262843
58921 202153188 202077043
58922 207550286 207167644
58923 190136176 189878761
58924 194918089 194654576
58925 187293095 187435141
58926 203182258 203722778
58927 198453603 199227136
58928 22189574 22397020
58929 197507465 197930698
58930 18246528 18237540
58931 21971044 22029910
58936 203219214 203376165
58937 198926702 199081245
58938 145876472 146143808
58939 23816295 23756566
58940 177102602 177517260
58941 177060779 177331205
58942 221532140 221817423
58943 223160397 223233119
58944 212629093 212788759
58945 243939284 244136672
58946 234039520 234249177
58947 207591976 207847314
58948 33258124 33285136
58951 218057833 218106445
58952 220341259 220626488
58953 218330839 218651327
58954 212586438 212736557
58955 212574293 212589953
58956 172642180 172930862
58958 27996703 28004819
58959 102563392 102529680
58968 219365585 219440045
58969 113106605 113183946
58970 115803889 115833494
58971 53342068 53385701
58972 237422254 237208003
58973 93607669 93451544
58974 230556238 230697713
58975 59613124 59712012
58976 216097241 216445809
58977 235508147 235454371
58978 96790807 96625729
58979 63723505 63748316
58980 24483423 24482511
58981 228146036 228042375
58982 16429970 16471882
58983 203721617 203741666
58984 66451773 66411708
58985 212684211 212539493
58986 220846333 220573320
58987 216614408 216385265
58988 207530153 207369701
58989 204476615 204545753
58990 223144274 223397621
58991 225972063 226339741
58992 89670766 89637044
58997 213131398 213300440
58998 252803372 252971175
58999 198098702 198313538
59000 217089032 217526467
59001 222520717 223215204
59002 224156298 224361745
59003 246421222 246637807
59004 49665567 49768534
59005 213557308 213766600
59006 224318603 224574364
59007 196024516 196298248
59008 229705505 230011396
59009 229938883 230248823
59010 105984690 105975263
59011 213303337 213580785
59012 168482652 168665943
59013 220640651 220475972
59014 220182329 220259634
59015 148058799 148206406
59016 191818632 191925152
59019 230041343 229877691
59020 244730236 244799667
59021 24313017 24305316
59022 238052029 238105569
59024 99560363 99645970
59025 215903900 216157531
59026 138192745 138684035
59027 13461430 13496990
59028 13532624 13523037
59029 241433290 240910777
59030 94448105 94500388
59031 19945919 19922572
59032 92729687 92617422
59038 205530990 205333500
59039 230334386 230106867
59040 222126650 221616169
59041 218854975 218432271
59042 69988199 69871742
59043 159792208 159836748
59044 175814202 175801371
59045 48053877 48071381
59046 168644605 168462588
59047 244814096 244610208
59048 213654818 213479366
59049 191210457 191075589
59050 256714342 256619937
59051 273385070 273417027
59052 52952316 52909007
59053 225309740 225373047
59054 212409665 212558847
59055 224815629 224895222
59056 230600782 230703336
59057 223931345 223706499
59058 248830752 249080783
59059 125593749 125560633
59060 158850343 158919752
59070 24688239 24790481
59071 209693557 209812156
59072 215126548 215233715
59073 224915428 224884094
59074 163025317 163064000
59075 174516795 174580775
59076 105529809 105600203
59077 170099718 170204095
59078 206410795 206544695
59079 222697149 222935966
59080 247264429 247390712
59081 105614837 105664090
59082 44456344 44436932
59083 198943272 198871478
59084 122775080 122578308
59085 226362348 226228622
59086 24631889 24616166
59087 33969360 33930625
59088 210365639 210241333
59089 100722459 100689831
59090 211825502 211678644
59092 194265732 194407629
59093 110449710 110286646
59095 33871420 33910971
59098 222494869 222534734
59099 220171633 220330061
59100 236096846 236292707
59101 213131237 212920017
59102 129196776 129102018
59103 164130489 163969722
59104 92794302 92694039
59105 13385008 13399596
59106 8558839 8517415
59107 8227386 8221318
59113 13280102 13289516
59114 109718667 109619442
59115 2950224 2963947
59116 216817700 216492414
59117 223758286 223629789
59118 231692835 231600600
59119 224888827 224461322
59120 25548784 25532097
59121 224242693 224291009
59122 61570808 61522350
59123 27691078 27691443
59124 5667528 5673324
59125 223408568 223418615
59126 162517670 162503168
59127 76307113 76371480
59128 219222713 219545990
59130 118499101 118377057
59131 16136918 16101954
59132 174772706 174516603
59133 180667065 180635047
59134 177483296 177450730
59135 193108729 193033792
59136 41521871 41771214
59137 228463908 228790801
59138 79065468 79074990
59139 93309897 93244946
59140 99687973 99660044
59141 96213329 96301463
59142 323677321 323695999
59143 161982314 162068247
59144 56665986 56737625
59145 194126980 194041313
59146 93449382 93490025
59147 70090873 70136847
59149 220125354 219811768
59150 4266610 4257123
59151 12696924 12699053
59152 46971107 47003356
59153 5906120 5915128
59154 108878821 108893531
59155 52191155 52242520
59165 27268709 27185733
59166 253032640 252989073
59167 254542431 254299274
59168 218261518 218038411
59169 17704859 17670420
59170 11636631 11619237
59171 41603040 41561624
59172 36538455 36542064
59175 3136670 3157566
59176 50963764 50997286
59178 21525754 21561376
59179 22275571 22284373
59180 234772965 234372010
59181 239261486 239381011
59182 243887001 243786823
59183 234308684 234337146
59184 219935385 219833126
59185 255055822 254857304
59186 235415837 235475045
59187 20428825 20467137
59188 279371447 279253988
59189 61414328 61387701
59190 90094988 90120596
59191 231306910 231203764
59192 228041031 227950281
59193 244885692 244614113
59194 80877462 80729869
59195 243941642 243750368
59196 233814574 233085782
59197 52104666 51909462
59198 234853030 234853275
59199 239655759 239528780
59200 107589909 107745576
59201 42971359 42818800
59202 145337109 145047498
59203 41418877 41306275
59204 252751275 252408957
59205 62437068 62202202
59206 10259742 10232477
59207 4496545 4483907
59208 8879107 8860154
59209 4445137 4434149
59210 4394808 4385385
59211 4383664 4372328
59212 257169030 257447351
59213 65180841 65261542
59214 105735417 106105926
59216 245385956 244943718
59217 231490515 231418636
59218 141256717 141418253
59219 163682536 163548456
59220 120727260 120740318
59418 3330545 3338083
59424 23610486 23650300
59425 171088325 171461251
59429 54880302 54899836
59432 56285260 56252851
59444 3214487 3202699
59445 7943915 7955651
59447 9477863 9505739
59453 48550051 48636275
59456 45428914 45491817
59457 152542061 152561508
59458 18794450 18806948
59459 47568044 47565627
59461 157342495 157301414
59462 48720052 48693660
59463 163777286 163785013
59464 19253920 19223162
59465 29737427 29699000
59468 174318945 174356049
59471 21962427 21955944
59472 184320530 184284769
59474 8504934 8518016
59475 120011725 120119356
59476 11703830 11720280
59477 204970202 205070296
59481 200276730 200429129
59483 117595832 117662082
59484 80156725 80216359
59486 51211351 51273285
59487 175553675 175627062
59488 25066267 25081654
59490 3997419 4006275
59492 107777055 107847197
59493 2271883 2274684
59494 176232293 176491810
59495 13054467 13078546
59497 237943944 238406176
59498 119840926 120089422
59500 181505379 181905338
59501 150988092 151289109
59502 202515164 202945200
59504 193687804 194199957
59505 99081143 99300536
59506 62220418 62385032
59507 184523692 184941887
59509 16086068 16119160
59510 32359335 32440201
59511 140632039 140967260
59512 175158703 175388212
59513 197837366 198169481
59514 12747312 12740365
59515 44083757 44082000
59516 52681571 52673268
59517 119149607 119096026
59518 228033517 227926822
59519 225864693 225739588
59520 5263942 5272757
59522 111005487 111190340
59523 211669484 211783937
59524 36973218 36968246
59525 154637120 154626377
59526 177428433 177334232
59527 180621284 180527596
59528 35213567 35224715
59529 191303078 191255085
59533 138257372 138317317
59534 140319999 140290749
59537 136685649 136796732
59538 33891832 33863758
59539 123741378 123556664
59541 123318862 123187244
59542 169570856 169324843
59543 153627660 153239115
59549 87276499 87272094
59551 53617371 53636054
59552 22198933 22211524
59553 176032082 176320495
59554 57457658 57494902
59555 175010430 174999825
59557 203580676 203677899
59558 88462591 88525986
59559 171389800 171457926
59561 172570678 172657504
59562 6424834 6437788
59563 177469900 177536045
59564 6426965 6432483
59565 64622813 64717223
59566 141613882 142229335
59567 85533344 85830098
59570 0 0
59572 53618972 53839048
59573 132847680 133413205
59574 95857040 96021311
59575 1823167 1839901
59576 163445227 163744766
59578 150986611 151364058
59579 51058008 50971258
59580 76388147 76504363
59581 40190927 40261240
59582 67852406 68033784
59584 37966989 38152135
59585 161404866 161839782
59586 177309899 177935054
59587 167575897 168068439
59588 174282455 174783276
59591 173388393 173827677
59592 113622385 113782365
59593 173700494 173888255
59594 169098617 169564549
59595 167514865 167744186
59596 19843149 19817869
59597 80672869 80710146
59598 157536314 157790896
59599 167634166 167789016
59600 174929925 175178047
59602 161558697 162054682
59603 178871101 179195873
59604 71279590 71273838
59609 202956551 203306534
59610 187240308 187555684
59611 130340173 130449514
59612 176491920 176762709
59613 198808758 199329674
59617 60773896 60829271
59618 102843797 103034985
59619 183844159 184085920
59621 165483130 165863686
59622 111299767 111377218
59623 157487992 157732323
59624 150959011 151103979
59637 183387044 183174869
59638 115852592 115565599
59639 162657609 162418044
59640 185117509 184658794
59641 178591289 178318236
59642 178127187 177947397
59644 117949883 117806142
59645 171799027 171494435
59646 184812972 184586532
59647 105739743 105633937
59648 18262164 18140911
59650 198363976 198125829
59651 188880295 188633598
59653 16987209 17011440
59655 118766367 118633127
59656 188801271 188883915
59657 191551727 191412316
59659 177088612 177009256
59660 171371252 171073637
59662 173040853 173027994
59664 168668044 168504265
59666 91248811 91556552
59688 135418600 135435340
59692 146058945 146168402
59693 170548897 170428421
59694 100566029 100478855
59695 171387746 171302338
59696 22313915 22280319
59697 94593786 94573295
59698 66418477 66408217
59702 20979934 20942189
59703 121677758 121471029
59704 174629667 174339395
59705 101266159 101040363
59706 3688277 3692115
59707 166012944 166609108
59709 167816375 168366686
59710 164498149 165025355
59711 170353667 170922824
59712 179526124 180107783
59714 55188466 55353267
59715 171131894 171647488
59716 51131065 51272558
59717 94444364 94629739
59718 173222499 173499300
59719 173337089 173606877
59720 177442871 177766862
59723 68851355 68950012
59724 168610127 168815935
59725 76264768 76370093
59726 176720221 177004797
59728 174471756 174707994
59729 178430945 178609608
59730 139700056 139839370
59732 171811906 171798403
59733 71966008 72100844
59734 116107221 116286427
59735 132871213 133160213
59736 3737179 3730641
59737 95036813 95193693
59738 18445670 18478455
59739 6734769 6762941
59740 14912410 14922480
59742 47253554 47211456
59743 35442659 35432419
59744 32407764 32412703
59745 38214460 38197384
59746 101809891 101786361
59747 161765844 161572525
59748 167125557 167183509
59749 8235808 8211325
59751 169173097 169311791
59752 174212178 174252517
59753 19661368 19658502
59754 13173829 13243159
59755 178834383 179749813
59756 172364534 173132845
59757 179111567 179440692
59758 168516315 168797875
59760 177359915 177648353
59761 174411903 174696903
59762 201156207 201535338
59763 172706564 172942645
59765 99950134 100054099
59768 81877973 82085416
59769 156042207 156216628
59771 160649965 160770256
59772 172503816 172712457
59773 205155875 205339252
59774 187903339 188149682
59777 168327426 168561618
59778 167706534 167935422
59779 149326280 149510768
59781 173042842 173230439
59782 180290992 180488751
59783 173101765 173270704
59784 171832719 171941187
59786 178518698 178596045
59787 182873694 182939929
59788 147628878 147705230
59793 99906520 99888056
59794 174151364 174126773
59795 174833402 174797713
59797 172199727 172156403
59798 188987786 189000680
59799 160532421 160512476
59800 170482657 170410706
59802 172326137 172277953
59803 180639677 180611156
59804 137657662 137609261
59805 171814038 171814746
59807 157808696 157938824
59808 68024916 68058568
59809 172605883 172599192
59810 179994320 179977035
59811 162187523 162158391
59812 185566059 185583322
59814 184818494 184806841
59815 171674900 171667855
59816 158949051 158934992
59817 105007244 104969432
59819 149971415 149975505
59820 134988766 134964046
59821 146985874 147053254
59822 142041749 142064291
59824 148753691 148817914
59825 159575207 159585003
59826 151777665 151816139
59827 147955794 148008306
59829 140587423 140612329
59830 153449729 153543052
59831 142631155 142649778
59832 78033784 78074340
59834 134541946 134477452
59835 133401888 133325143
59836 137238078 137166766
59837 162332079 162462408
59839 156893242 157037785
59840 155470954 155569884
59841 153049916 153164774
59842 159922896 160018393
59844 159876190 160002833
59845 97240168 97318743
59846 157678816 157781444
59847 162302192 162423097
59849 160887201 161059455
59850 157038837 157309602
59851 209246751 209546955
59852 27954204 28012910
59853 81755391 81860463
59854 39710083 39786110
59855 97183879 97329151
59856 160676153 160944128
59857 154601027 154863116
59858 160309891 160610105
59859 416516034 416941333
59861 150640184 150780625
59862 134193218 134321250
59863 137879753 138011664
59864 95238984 95385241
59866 21372743 21247136
59867 26675322 26592285
59868 18151591 18159103
59869 164573981 164461577
59870 163675464 163551008
59871 161833867 161733539
59873 161052002 160977510
59875 157687413 157653308
59876 165575614 165580038
59878 155466719 155432070
59879 161817456 161771782
59880 177888625 177824827
59881 27897935 27877346
59883 89114473 89107764
59884 114987236 115407101
59885 158756692 158890511
59886 156341676 156487849
59888 161333769 161528946
59889 160664393 160828875
59890 151184544 151404033
59891 133472361 133640212
59893 156604727 156786583
59894 19153390 19197696
59896 69484282 69584594
59899 7845589 7864374
59900 110007374 110262463
59901 152850828 153114876
59904 179242803 179438715
59905 166656708 166851809
59906 153505034 153688971
59907 167450942 167616981
59909 109068324 109198910
59910 19511432 19509260
59911 153688349 153763232
59912 73746998 73514468
59914 160675449 160271721
59915 161883153 161567428
59916 130784181 130601651
59917 164553380 164325122
59919 159071722 158916897
59920 162617865 162510507
59921 164330505 164122748
59922 125956808 125738618
59923 94838355 94689385
59924 191192246 191003756
59925 11370330 11363592
59926 157683689 157448186
59927 169465765 169216679
59929 150125782 149925175
59930 157261715 157044845
59931 102888313 102708509
59932 139050845 139273890
59934 26022824 26067717
59935 168784852 169082320
59936 159065334 159409575
59937 163514505 163801365
59939 161631576 161936908
59940 158903609 159207154
59941 184447294 184766040
59942 22006727 22050109
59944 142205211 142310834
59947 9163239 9172272
59948 139102192 139109073
59949 144264541 144111048
59950 130861148 130733383
59951 141422099 141323834
59953 145319763 145272298
59954 150365991 150308598
59955 142770317 142922044
59956 154943578 155078422
59958 160277832 160376898
59959 163842337 163975303
59960 145068909 145142727
59961 147352764 147429563
59963 68983099 69057294
59964 34916382 34954828
59965 142047448 142145279
59966 7559687 7567932
59967 16689695 16682277
59968 139887070 139917015
59969 153270995 153403009
59970 35842233 35876042
59971 97198169 97199088
59972 112955875 112996821
59973 150519568 150631170
59974 148157306 148258223
59976 117527864 117386464
59985 142739913 142718856
59986 155602266 155528363
59987 143071994 142970510
59989 150305444 150121357
59990 154495218 154675383
59991 146691450 146841126
59992 152083763 152099720
59993 141173298 141361427
59995 55943906 55989198
59996 114536663 114520903
59997 112116935 112244917
59998 140701416 140520410
60000 100370558 100261606
60001 90469896 90402588
60002 22349933 22312093
60003 140230539 140178346
60004 135003749 134677646
60005 118611779 118473221
60008 110827567 111138648
60009 155693902 156015194
60010 153923278 154396848
60011 158779381 159037838
60013 156568862 156787151
60014 149881316 150186544
60015 126754537 127029469
60016 45118272 45268318
60018 155723259 155775955
60019 171929491 172446090
60020 52383640 52438276
60021 58264057 58321755
60023 40326233 40361411
60024 77281059 77238744
60025 27433137 27524676
60026 138540249 138670096
60028 51389681 51389701
60029 158201986 158116674
60030 125046564 125042876
60031 77341753 77299263
60032 108477927 108629561
60033 140567056 140603584
60034 143541041 143286712
60035 50016544 49870004
60036 5842377 5825130
60038 150762843 150838329
60039 156653206 156694472
60041 128715534 128606751
60042 157939183 157743182
60043 152115102 152115434
60044 158258908 158214454
60046 24544407 24572702
60047 162205478 162240658
60048 150144783 149994299
60049 149792782 149606721
60050 162555930 162523723
60052 164010803 163892822
60053 151767833 151702073
60054 148391670 148393822
60055 129882674 129792139
60057 145492941 145379195
60058 143998958 144002710
60059 162002108 162361034
60060 116686922 116672467
60062 164488920 164288105
60063 158446608 158450247
60064 164448821 164540950
60065 156357617 156225625
60067 24617099 24583339
60069 166569080 166397470
60070 174573614 174388709
60072 117496492 117394064
60073 156415719 156452703
60074 168686919 168735354
60075 162174476 162201684
60076 166776463 166684696
60078 158777675 158744951
60079 158668272 158665862
60080 153102751 153204931
60081 100196251 100271229
60084 54331315 54416198
60085 169597786 169661116
60086 94660420 94792925
60087 176043355 176136118
60089 157249298 157561666
60090 119304071 119438491
60091 88217155 88268190
60092 65973098 65913060
60093 153665548 153797061
60094 79921571 79991584
60097 83037843 83130772
60098 142973636 143330782
60099 144873563 145068656
60100 149571941 149746327
60101 153785705 154246603
60103 152157156 152394696
60104 149829518 150185448
60105 146520291 146471161
60106 167766701 168117244
60109 1455650 1453582
60110 13722846 13706740
60111 14860186 14838911
60112 116893010 116621361
60113 152270532 152253741
60115 63698732 63625652
60116 107368054 107049249
60117 156975920 156630661
60118 153044365 152606397
60119 114677780 114527848
60124 135871546 135636224
60125 126441622 126573961
60126 17077566 17093376
60127 122282895 122284732
60129 66397557 66439277
60130 135013602 135197655
60131 70443206 70513990
60132 136098738 135959178
60133 102666973 102631533
60134 91956519 91916100
60135 156538378 156687006
60136 162374993 162591141
60137 60377718 60405660
60138 87256770 87311786
60141 180642255 180576974
60142 157639834 157991431
60143 158607077 158844504
60144 47455634 47656345
60146 178754505 178956196
60147 55403252 55428434
60153 162221140 162617501
60154 137448825 137696416
60155 143393224 143762232
60156 84179272 84407950
60158 185172957 185733731
60159 185391180 186241578
60160 158378097 158783950
60161 161740054 161494840
60163 147483400 146935876
60164 26398359 26416393
60165 25095224 25012492
60166 28930067 28869018
60168 29449107 29398778
60169 28288297 28280989
60170 26548478 26493739
60171 29750480 29688562
60173 18875748 18779709
60174 30336351 30234054
60175 30893515 30898703
60176 28987720 29050842
60177 20723723 20692209
60179 13409389 13401419
60180 15457243 15427363
60181 15769080 15807100
60182 13809922 13788572
60184 12348593 12313598
60227 2014961 2011746
60228 2158952 2160110
60231 2675124 2669530
60232 0 0
60233 2549229 2548522
60235 2436644 2436603
60236 1968014 1968314
60237 2775353 2776671
60241 8228785 8230241
60242 5341681 5341884
60247 9077428 9073946
60248 140491637 140539334
60250 22702397 22675240
60251 1666076 1667501
60253 3211372 3210202
60256 1973401 1973637
60265 225028 225244
60266 187500 188109
60269 955615 952223
60270 294396 294654
60271 424440 426502
60273 420740 420089
60274 884062 884862
60275 817233 816592
60276 1187209 1185206
60278 838638 839905
60279 1862209 1862321
60280 409895 410385
60281 929517 931148
60283 922876 923492
60284 441738 442052
60295 2402368 2406842
60297 36516830 36531421
