59447
59453
59456
59457
59458
59461
59462
59463
59464
59465
59468
59471
59472
59474
59475
59476
59477
59481
59483
59484
59486
59487
59488
59492
59498
59500
59501
59502
59504
59505
59506
59507
59509
59510
59511
59512
59514
59515
59516
59517
59518
59519
59520
59522
59523
59524
59525
59526
59527
59528
59529
59538
59539
59541
59542
59543
59552
59553
59554
59555
59557
59558
59559
59561
59563
59565
59566
59567
59572
59574
59576
59578
59581
59582
59584
59585
59586
59587
59588
59591
59592
59593
59594
59595
59596
59597
59598
59599
59600
59602
59603
59604
59609
59610
59611
59612
59613
59617
59618
59619
59621
59622
59623
59637
59638
59639
59640
59641
59642
59644
59645
59646
59647
59648
59650
59651
59655
59656
59657
59659
59660
59662
59664
59666
59693
59694
59695
59696
59697
59698
59702
59703
59704
59705
59707
59709
59710
59711
59712
59715
59716
59717
59718
59719
59720
59723
59724
59725
59726
59728
59729
59730
59732
59734
59735
59737
59751
59752
59754
59755
59756
59757
59758
59760
59761
59762
59763
59765
59772
59773
59774
59777
59778
59779
59781
59782
59783
59784
59786
59787
59788
59793
59794
59795
59797
59798
59799
59800
59802
59803
59804
59805
59809
59810
59811
59812
59814
59815
59816
59817
59819
59820
59821
59822
59824
59825
59826
59827
59829
59830
59831
59832
59837
59839
59840
59841
59842
59846
59847
59849
59850
59851
59852
59853
59854
59856
59857
59858
59866
59868
59869
59870
59871
59873
59875
59876
59878
59879
59880
59881
59883
59884
59885
59886
59888
59889
59890
59891
59893
59894
59899
59900
59901
59904
59905
59906
59907
59909
59911
59912
59914
59915
59916
59917
59919
59920
59921
59922
59923
59924
59926
59927
59929
59930
59931
59932
59934
59935
59936
59937
59939
59940
59941
59942
59949
59950
59951
59953
59954
59955
59956
59958
59959
59960
59961
59963
59964
59965
59967
59968
59969
59970
59971
59972
59973
59974
60002
60008
60009
60010
60011
60013
60014
60015
60016
60018
60019
60029
60030
60031
60033
60034
60035
60038
60039
60042
60043
60044
60046
60047
60048
60049
60050
60052
60053
60054
60055
60059
60060
60062
60063
60064
60065
60067
60069
60070
60072
60073
60074
60075
60076
60078
60079
60084
60085
60086
60087
60089
60090
60093
60097
60098
60099
60100
60101
60103
60104
60105
60106
60112
60113
60115
60116
60117
60118
60119
60124
60125
60126
60127
60129
60130
60131
60135
60136
60138
60141
60142
60143
60144
60146
60147
60153
60158
60159
60160
60161
60163
60164
60165
60166
60168
60169
60171
60173
60174
60175
60176
59494
59533
59534
59579
59580
59624
59688
59692
59738
59739
59740
59742
59743
59744
59745
59746
59747
59748
59769
59771
59807
59808
59834
59835
59836
59861
59862
59863
59864
59896
59944
59947
59948
59976
59996
59997
60025
60026
60028
60041
60057
60058
60080
60081
60091
60092
60132
60133
60134
60154
60155
60181
