58700
58701
58702
58703
58704
58705
58706
58707
58709
58713
58714
58715
58716
58717
58724
58725
58728
58729
58730
58731
58732
58740
58741
58742
58743
58744
58745
58746
58747
58748
58749
58787
58788
58789
58794
58795
58796
58799
58800
58801
58802
58803
58805
58806
58807
58808
58809
58810
58813
58814
58815
58816
58832
58833
58834
58835
58836
58837
58838
58839
58840
58841
58904
58905
58906
58916
58917
58918
58919
58920
58921
58922
58923
58924
58925
58926
58927
58928
58929
58930
58931
58936
58937
58938
58939
58940
58941
58942
58943
58944
58945
58946
58947
58948
58951
58952
58953
58954
58955
58956
58958
58959
58968
58969
58970
58971
58972
58973
58974
58975
58976
58977
58978
58979
58980
58981
58982
58983
58984
58985
58986
58987
58988
58989
58990
58991
58992
58997
58998
58999
59000
59001
59002
59003
59004
59005
59006
59007
59008
59009
59010
59011
59012
59013
59014
59015
59016
59019
59020
59021
59022
59024
59025
59026
59027
59028
59029
59030
59031
59032
59038
59039
59040
59041
59042
59043
59044
59045
59046
59047
59048
59049
59050
59051
59052
59053
59054
59055
59056
59057
59058
59059
59060
59070
59071
59072
59073
59074
59075
59076
59077
59078
59079
59080
59081
59082
59083
59084
59085
59086
59087
59088
59089
59090
59092
59093
59095
59098
59099
59100
59101
59102
59103
59104
59105
59106
59107
59113
59114
59115
59116
59117
59118
59119
59120
59121
59122
59123
59124
59125
59126
59127
59128
59130
59131
59132
59133
59134
59135
59136
59137
59138
59139
59140
59141
59142
59143
59144
59145
59146
59147
59149
59150
59151
59152
59153
59154
59155
59165
59166
59167
59168
59169
59170
59171
59172
59175
59176
59178
59179
59180
59181
59182
59183
59184
59185
59186
59187
59188
59189
59190
59191
59192
59193
59194
59195
59196
59197
59198
59199
59200
59201
59202
59203
59204
59205
59206
59207
59208
59209
59210
59211
59212
59213
59214
59216
59217
59218
59219
59220
59418
59424
59425
59429
59432
59444
59445
59447
59453
59456
59457
59458
59459
59461
59462
59463
59464
59465
59468
59471
59472
59474
59475
59476
59477
59481
59483
59484
59486
59487
59488
59490
59492
59493
59494
59495
59497
59498
59500
59501
59502
59504
59505
59506
59507
59509
59510
59511
59512
59513
59514
59515
59516
59517
59518
59519
59520
59522
59523
59524
59525
59526
59527
59528
59529
59533
59534
59537
59538
59539
59541
59542
59543
59549
59551
59552
59553
59554
59555
59557
59558
59559
59561
59562
59563
59564
59565
59566
59567
59570
59572
59573
59574
59575
59576
59578
59579
59580
59581
59582
59584
59585
59586
59587
59588
59591
59592
59593
59594
59595
59596
59597
59598
59599
59600
59602
59603
59604
59609
59610
59611
59612
59613
59617
59618
59619
59621
59622
59623
59624
59637
59638
59639
59640
59641
59642
59644
59645
59646
59647
59648
59650
59651
59653
59655
59656
59657
59659
59660
59662
59664
59666
59688
59692
59693
59694
59695
59696
59697
59698
59702
59703
59704
59705
59706
59707
59709
59710
59711
59712
59714
59715
59716
59717
59718
59719
59720
59723
59724
59725
59726
59728
59729
59730
59732
59733
59734
59735
59736
59737
59738
59739
59740
59742
59743
59744
59745
59746
59747
59748
59749
59751
59752
59753
59754
59755
59756
59757
59758
59760
59761
59762
59763
59765
59768
59769
59771
59772
59773
59774
59777
59778
59779
59781
59782
59783
59784
59786
59787
59788
59793
59794
59795
59797
59798
59799
59800
59802
59803
59804
59805
59807
59808
59809
59810
59811
59812
59814
59815
59816
59817
59819
59820
59821
59822
59824
59825
59826
59827
59829
59830
59831
59832
59834
59835
59836
59837
59839
59840
59841
59842
59844
59845
59846
59847
59849
59850
59851
59852
59853
59854
59855
59856
59857
59858
59859
59861
59862
59863
59864
59866
59867
59868
59869
59870
59871
59873
59875
59876
59878
59879
59880
59881
59883
59884
59885
59886
59888
59889
59890
59891
59893
59894
59896
59899
59900
59901
59904
59905
59906
59907
59909
59910
59911
59912
59914
59915
59916
59917
59919
59920
59921
59922
59923
59924
59925
59926
59927
59929
59930
59931
59932
59934
59935
59936
59937
59939
59940
59941
59942
59944
59947
59948
59949
59950
59951
59953
59954
59955
59956
59958
59959
59960
59961
59963
59964
59965
59966
59967
59968
59969
59970
59971
59972
59973
59974
59976
59985
59986
59987
59989
59990
59991
59992
59993
59995
59996
59997
59998
60000
60001
60002
60003
60004
60005
60008
60009
60010
60011
60013
60014
60015
60016
60018
60019
60020
60021
60023
60024
60025
60026
60028
60029
60030
60031
60032
60033
60034
60035
60036
60038
60039
60041
60042
60043
60044
60046
60047
60048
60049
60050
60052
60053
60054
60055
60057
60058
60059
60060
60062
60063
60064
60065
60067
60069
60070
60072
60073
60074
60075
60076
60078
60079
60080
60081
60084
60085
60086
60087
60089
60090
60091
60092
60093
60094
60097
60098
60099
60100
60101
60103
60104
60105
60106
60109
60110
60111
60112
60113
60115
60116
60117
60118
60119
60124
60125
60126
60127
60129
60130
60131
60132
60133
60134
60135
60136
60137
60138
60141
60142
60143
60144
60146
60147
60153
60154
60155
60156
60158
60159
60160
60161
60163
60164
60165
60166
60168
60169
60170
60171
60173
60174
60175
60176
60177
60179
60180
60181
60182
60184
60227
60228
60231
60232
60233
60235
60236
60237
60241
60242
60247
60248
60250
60251
60253
60256
60265
60266
60269
60270
60271
60273
60274
60275
60276
60278
60279
60280
60281
60283
60284
60295
60297
